















15



37



04



26



26



04



37



51



17



03



15



47



20



46



51



26



01



23



45



67



54

54

10

01

23

23

67

67

04

26

35

17

04

26

12

46

25

04

27

03

14

65

02

37

14

35

06

12

56

13





46

06

02

24

57

71

13

35

15

04

15

40

01

45

10

45

37

62

37

62

23

67

32

67

13

15

17



35

37

30



57

51

35



17

37

57



40

27

15

36

05

14

34

15

27

60

13

25

47

30

01
23
45
67
05
27
16
36
01
27
36
45
23
14
50
76
12
12
56
56
34
34
70
70
62
37
40
15
26
37
04
15
37
37
37
37
15
15
51
51
34
56
70
12
07
65
43
21
04
62
15
27
02
46
17
53
07
16
25
34
34
25
16
07
32
23
10
01
76
76
54
45
20

46

42

06

01



23



45



67



01
23
45
67
#